# transform file transforms/talairach.lta
# created by freesurfer_user on Wed Jul 19 00:37:37 2017

type      = 0 # LINEAR_VOX_TO_VOX
nxforms   = 1
mean      = 131.0000 101.0000 123.0000
sigma     = 10000.0000
1 4 4
1.049948692321777e+00 6.957037746906281e-02 8.482703566551208e-02 -2.854504203796387e+01 
-6.676560640335083e-02 1.016839146614075e+00 2.258206158876419e-02 2.600315093994141e+01 
-7.906366884708405e-02 -2.770943753421307e-02 1.015797734260559e+00 -2.684329152107239e-01 
0.000000000000000e+00 0.000000000000000e+00 0.000000000000000e+00 1.000000000000000e+00 
src volume info
valid = 1  # volume info valid
filename = nu.mgz
volume = 256 256 256
voxelsize = 1.000000000000000e+00 1.000000000000000e+00 1.000000000000000e+00
xras   = -1.000000000000000e+00 0.000000000000000e+00 0.000000000000000e+00
yras   = 0.000000000000000e+00 0.000000000000000e+00 -1.000000000000000e+00
zras   = 0.000000000000000e+00 1.000000000000000e+00 0.000000000000000e+00
cras   = 1.193821716308594e+01 3.574534606933594e+01 -2.212936401367188e+00
dst volume info
valid = 1  # volume info valid
filename = /Applications/freesurfer/average/RB_all_2016-05-10.vc700.gca
volume = 256 256 256
voxelsize = 1.000000000000000e+00 1.000000000000000e+00 1.000000000000000e+00
xras   = -1.000000000000000e+00 0.000000000000000e+00 0.000000000000000e+00
yras   = 0.000000000000000e+00 0.000000000000000e+00 -1.000000000000000e+00
zras   = 0.000000000000000e+00 1.000000000000000e+00 0.000000000000000e+00
cras   = 0.000000000000000e+00 0.000000000000000e+00 0.000000000000000e+00
