# transform file transforms/talairach.lta
# created by freesurfer_user on Thu Jul 20 15:50:42 2017

type      = 0 # LINEAR_VOX_TO_VOX
nxforms   = 1
mean      = 128.0000 116.0000 114.0000
sigma     = 10000.0000
1 4 4
9.810389280319214e-01 -6.740391999483109e-02 5.155811086297035e-02 1.204698562622070e+00 
6.770655512809753e-02 1.046736478805542e+00 8.013048022985458e-02 -1.561361694335938e+01 
-5.614812299609184e-02 -7.313591241836548e-02 9.727634191513062e-01 1.465129184722900e+01 
0.000000000000000e+00 0.000000000000000e+00 0.000000000000000e+00 1.000000000000000e+00 
src volume info
valid = 1  # volume info valid
filename = nu.mgz
volume = 256 256 256
voxelsize = 1.000000000000000e+00 1.000000000000000e+00 1.000000000000000e+00
xras   = -1.000000000000000e+00 0.000000000000000e+00 0.000000000000000e+00
yras   = 0.000000000000000e+00 0.000000000000000e+00 -1.000000000000000e+00
zras   = 0.000000000000000e+00 1.000000000000000e+00 0.000000000000000e+00
cras   = -2.318443298339844e+00 3.884461975097656e+01 3.985610961914062e+00
dst volume info
valid = 1  # volume info valid
filename = /Applications/freesurfer/average/RB_all_2016-05-10.vc700.gca
volume = 256 256 256
voxelsize = 1.000000000000000e+00 1.000000000000000e+00 1.000000000000000e+00
xras   = -1.000000000000000e+00 0.000000000000000e+00 0.000000000000000e+00
yras   = 0.000000000000000e+00 0.000000000000000e+00 -1.000000000000000e+00
zras   = 0.000000000000000e+00 1.000000000000000e+00 0.000000000000000e+00
cras   = 0.000000000000000e+00 0.000000000000000e+00 0.000000000000000e+00
