# transform file transforms/talairach.lta
# created by freesurfer_user on Thu Jul 20 01:15:07 2017

type      = 0 # LINEAR_VOX_TO_VOX
nxforms   = 1
mean      = 126.0000 129.0000 142.0000
sigma     = 10000.0000
1 4 4
1.082170128822327e+00 -3.950809314846992e-02 1.745278388261795e-01 -2.897209739685059e+01 
2.858149353414774e-03 1.052040576934814e+00 1.519738733768463e-01 -2.872871208190918e+01 
-1.670442223548889e-01 -1.768809407949448e-01 9.582470655441284e-01 1.898245429992676e+01 
0.000000000000000e+00 0.000000000000000e+00 0.000000000000000e+00 1.000000000000000e+00 
src volume info
valid = 1  # volume info valid
filename = nu.mgz
volume = 256 256 256
voxelsize = 1.000000000000000e+00 1.000000000000000e+00 1.000000000000000e+00
xras   = -1.000000000000000e+00 0.000000000000000e+00 0.000000000000000e+00
yras   = 0.000000000000000e+00 0.000000000000000e+00 -1.000000000000000e+00
zras   = 0.000000000000000e+00 1.000000000000000e+00 0.000000000000000e+00
cras   = -2.318443298339844e+00 1.219086456298828e+01 -2.832786560058594e+00
dst volume info
valid = 1  # volume info valid
filename = /Applications/freesurfer/average/RB_all_2016-05-10.vc700.gca
volume = 256 256 256
voxelsize = 1.000000000000000e+00 1.000000000000000e+00 1.000000000000000e+00
xras   = -1.000000000000000e+00 0.000000000000000e+00 0.000000000000000e+00
yras   = 0.000000000000000e+00 0.000000000000000e+00 -1.000000000000000e+00
zras   = 0.000000000000000e+00 1.000000000000000e+00 0.000000000000000e+00
cras   = 0.000000000000000e+00 0.000000000000000e+00 0.000000000000000e+00
