# transform file transforms/talairach.lta
# created by freesurfer_user on Wed Jul 19 08:25:48 2017

type      = 0 # LINEAR_VOX_TO_VOX
nxforms   = 1
mean      = 133.0000 111.0000 97.0000
sigma     = 10000.0000
1 4 4
1.054306507110596e+00 6.123340874910355e-02 1.730091273784637e-01 -3.613412857055664e+01 
-5.984117090702057e-02 1.120201706886292e+00 1.284843534231186e-01 -3.604044198989868e+00 
-1.542988419532776e-01 -1.589291542768478e-01 9.759398102760315e-01 5.209642410278320e+01 
0.000000000000000e+00 0.000000000000000e+00 0.000000000000000e+00 1.000000000000000e+00 
src volume info
valid = 1  # volume info valid
filename = nu.mgz
volume = 256 256 256
voxelsize = 1.000000000000000e+00 1.000000000000000e+00 1.000000000000000e+00
xras   = -1.000000000000000e+00 0.000000000000000e+00 0.000000000000000e+00
yras   = 0.000000000000000e+00 0.000000000000000e+00 -1.000000000000000e+00
zras   = 0.000000000000000e+00 1.000000000000000e+00 0.000000000000000e+00
cras   = -2.318443298339844e+00 5.496084594726562e+01 -7.171798706054688e+00
dst volume info
valid = 1  # volume info valid
filename = /Applications/freesurfer/average/RB_all_2016-05-10.vc700.gca
volume = 256 256 256
voxelsize = 1.000000000000000e+00 1.000000000000000e+00 1.000000000000000e+00
xras   = -1.000000000000000e+00 0.000000000000000e+00 0.000000000000000e+00
yras   = 0.000000000000000e+00 0.000000000000000e+00 -1.000000000000000e+00
zras   = 0.000000000000000e+00 1.000000000000000e+00 0.000000000000000e+00
cras   = 0.000000000000000e+00 0.000000000000000e+00 0.000000000000000e+00
