# transform file transforms/talairach.lta
# created by freesurfer_user on Tue Jul 11 14:18:40 2017

type      = 0 # LINEAR_VOX_TO_VOX
nxforms   = 1
mean      = 121.0000 102.0000 98.0000
sigma     = 10000.0000
1 4 4
1.015427947044373e+00 -1.082322522997856e-01 1.887128455564380e-04 1.371732044219971e+01 
1.187343224883080e-01 1.067802667617798e+00 1.895596534013748e-01 -1.917880439758301e+01 
-1.986640505492687e-02 -1.776741147041321e-01 9.394665956497192e-01 4.029460906982422e+01 
0.000000000000000e+00 0.000000000000000e+00 0.000000000000000e+00 1.000000000000000e+00 
src volume info
valid = 1  # volume info valid
filename = nu.mgz
volume = 256 256 256
voxelsize = 1.000000000000000e+00 1.000000000000000e+00 1.000000000000000e+00
xras   = -1.000000000000000e+00 0.000000000000000e+00 0.000000000000000e+00
yras   = 0.000000000000000e+00 0.000000000000000e+00 -1.000000000000000e+00
zras   = 0.000000000000000e+00 1.000000000000000e+00 0.000000000000000e+00
cras   = -2.318443298339844e+00 5.496084594726562e+01 -7.171798706054688e+00
dst volume info
valid = 1  # volume info valid
filename = /Applications/freesurfer/average/RB_all_2016-05-10.vc700.gca
volume = 256 256 256
voxelsize = 1.000000000000000e+00 1.000000000000000e+00 1.000000000000000e+00
xras   = -1.000000000000000e+00 0.000000000000000e+00 0.000000000000000e+00
yras   = 0.000000000000000e+00 0.000000000000000e+00 -1.000000000000000e+00
zras   = 0.000000000000000e+00 1.000000000000000e+00 0.000000000000000e+00
cras   = 0.000000000000000e+00 0.000000000000000e+00 0.000000000000000e+00
