# transform file transforms/talairach.lta
# created by freesurfer_user on Wed Jul 19 16:28:19 2017

type      = 0 # LINEAR_VOX_TO_VOX
nxforms   = 1
mean      = 121.0000 102.0000 98.0000
sigma     = 10000.0000
1 4 4
1.014477849006653e+00 -1.055113971233368e-01 -6.996346171945333e-03 1.424888038635254e+01 
1.131517738103867e-01 1.031890273094177e+00 1.919358670711517e-01 -1.519229125976562e+01 
-1.268736366182566e-02 -1.856270879507065e-01 9.407507181167603e-01 4.011039733886719e+01 
0.000000000000000e+00 0.000000000000000e+00 0.000000000000000e+00 1.000000000000000e+00 
src volume info
valid = 1  # volume info valid
filename = nu.mgz
volume = 256 256 256
voxelsize = 1.000000000000000e+00 1.000000000000000e+00 1.000000000000000e+00
xras   = -1.000000000000000e+00 0.000000000000000e+00 0.000000000000000e+00
yras   = 0.000000000000000e+00 0.000000000000000e+00 -1.000000000000000e+00
zras   = 0.000000000000000e+00 1.000000000000000e+00 0.000000000000000e+00
cras   = -2.318443298339844e+00 5.496084594726562e+01 -7.171798706054688e+00
dst volume info
valid = 1  # volume info valid
filename = /Applications/freesurfer/average/RB_all_2016-05-10.vc700.gca
volume = 256 256 256
voxelsize = 1.000000000000000e+00 1.000000000000000e+00 1.000000000000000e+00
xras   = -1.000000000000000e+00 0.000000000000000e+00 0.000000000000000e+00
yras   = 0.000000000000000e+00 0.000000000000000e+00 -1.000000000000000e+00
zras   = 0.000000000000000e+00 1.000000000000000e+00 0.000000000000000e+00
cras   = 0.000000000000000e+00 0.000000000000000e+00 0.000000000000000e+00
