# transform file transforms/talairach.lta
# created by freesurfer_user on Fri Jul 21 22:45:56 2017

type      = 0 # LINEAR_VOX_TO_VOX
nxforms   = 1
mean      = 125.0000 126.0000 114.0000
sigma     = 10000.0000
1 4 4
1.144343495368958e+00 9.287542849779129e-02 -3.776635974645615e-02 -2.514337539672852e+01 
-1.014822646975517e-01 1.174369335174561e+00 8.400175720453262e-02 -2.249504089355469e+01 
5.018259212374687e-02 -9.889873117208481e-02 1.074304103851318e+00 -5.526938438415527e+00 
0.000000000000000e+00 0.000000000000000e+00 0.000000000000000e+00 1.000000000000000e+00 
src volume info
valid = 1  # volume info valid
filename = nu.mgz
volume = 256 256 256
voxelsize = 1.000000000000000e+00 1.000000000000000e+00 1.000000000000000e+00
xras   = -1.000000000000000e+00 0.000000000000000e+00 0.000000000000000e+00
yras   = 0.000000000000000e+00 0.000000000000000e+00 -1.000000000000000e+00
zras   = 0.000000000000000e+00 1.000000000000000e+00 0.000000000000000e+00
cras   = -2.318443298339844e+00 3.884461975097656e+01 2.664871215820312e-01
dst volume info
valid = 1  # volume info valid
filename = /Applications/freesurfer/average/RB_all_2016-05-10.vc700.gca
volume = 256 256 256
voxelsize = 1.000000000000000e+00 1.000000000000000e+00 1.000000000000000e+00
xras   = -1.000000000000000e+00 0.000000000000000e+00 0.000000000000000e+00
yras   = 0.000000000000000e+00 0.000000000000000e+00 -1.000000000000000e+00
zras   = 0.000000000000000e+00 1.000000000000000e+00 0.000000000000000e+00
cras   = 0.000000000000000e+00 0.000000000000000e+00 0.000000000000000e+00
